"V1","V2"
"sim_001","sim_002"
"sim_001","sim_003"
"sim_001","sim_004"
"sim_001","sim_006"
"sim_001","sim_008"
"sim_001","sim_009"
"sim_001","sim_010"
"sim_002","sim_003"
"sim_002","sim_006"
"sim_002","sim_007"
"sim_002","sim_008"
"sim_002","sim_009"
"sim_002","sim_010"
"sim_002","sim_012"
"sim_003","sim_004"
"sim_003","sim_005"
"sim_003","sim_008"
"sim_003","sim_009"
"sim_003","sim_010"
"sim_003","sim_011"
"sim_003","sim_012"
"sim_004","sim_006"
"sim_004","sim_007"
"sim_004","sim_008"
"sim_004","sim_011"
"sim_004","sim_012"
"sim_005","sim_006"
"sim_005","sim_007"
"sim_005","sim_008"
"sim_005","sim_010"
"sim_005","sim_011"
"sim_005","sim_012"
"sim_006","sim_009"
"sim_006","sim_010"
"sim_006","sim_011"
"sim_006","sim_012"
"sim_007","sim_008"
"sim_007","sim_010"
"sim_007","sim_011"
"sim_007","sim_012"
"sim_008","sim_011"
"sim_008","sim_012"
"sim_009","sim_010"
"sim_009","sim_011"
"sim_009","sim_012"
"sim_010","sim_012"
"sim_011","sim_012"
